Sum: 3.400000
Difference: -1.000000
Product: 2.640000
Division: 0.545455